<<<<<<< HEAD
0 0.0 1.0 1 1 0.0
1 -0.05 0.8912509381337456 41 46 5.992666044559074e-05
2 -0.1 0.7943282347242815 112 141 -2.509780519601893e-06
3 -0.15 0.7079457843841379 303 428 -2.6261198724662546e-06
4 -0.2 0.6309573444801932 53 84 -7.866661440334752e-06
5 -0.25 0.5623413251903491 221 393 -6.371027940804225e-07
6 -0.3 0.5011872336272722 211 421 8.276922414102786e-07
7 -0.35 0.44668359215096315 155 347 5.119533408134683e-06
8 -0.4 0.3981071705534972 84 211 -7.297408508264504e-06
9 -0.45 0.35481338923357547 11 31 7.136270674169187e-05
10 -0.5 0.31622776601683794 228 721 -9.618330228446356e-07
11 -0.55 0.28183829312644537 135 479 -4.017817689090896e-06
12 -0.6 0.251188643150958 53 211 -1.5164012542520375e-05
13 -0.65 0.22387211385683395 15 67 3.789287529065537e-05
14 -0.7 0.19952623149688797 84 421 -6.469722307154964e-06
15 -0.75 0.1778279410038923 77 433 6.513617941660308e-06
16 -0.8 0.15848931924611134 42 265 7.866723325137058e-06
17 -0.85 0.14125375446227545 151 1069 -1.7451636593803676e-06
18 -0.9 0.12589254117941673 141 1120 2.509786818594896e-06
19 -0.95 0.11220184543019636 80 713 1.052604482896409e-06
20 -1.0 0.1 1 10 0.0
21 -1.05 0.08912509381337455 109 1223 9.418572378424846e-08
22 -1.1 0.07943282347242814 56 705 -2.5097805194621245e-06
23 -1.15 0.0707945784384138 8 113 2.6580263896680736e-05
24 -1.2 0.06309573444801933 53 840 -7.86666144042273e-06
25 -1.25 0.05623413251903491 23 409 1.042618325730234e-05
26 -1.3 0.05011872336272722 21 419 1.2138767219052396e-05
27 -1.35 0.0446683592150963 31 694 5.119533408445371e-06
28 -1.4 0.039810717055349734 42 1055 -7.297408508578236e-06
29 -1.45 0.03548133892335755 49 1381 5.529557988478583e-06
30 -1.5 0.03162277660168379 53 1676 4.2720102869984945e-06
31 -1.55 0.028183829312644536 27 958 -4.017817689115517e-06
32 -1.6 0.025118864315095794 37 1473 -2.3550251594407174e-06
33 -1.65 0.0223872113856834 3 134 3.78928752903764e-05
34 -1.7 0.0199526231496888 42 2105 -6.469722307294071e-06
35 -1.75 0.01778279410038923 17 956 -2.065604226627673e-05
36 -1.8 0.015848931924611134 21 1325 7.866723325093276e-06
37 -1.85 0.01412537544622754 34 2407 6.508893256863251e-06
38 -1.9 0.012589254117941675 30 2383 -6.41872730011078e-06
39 -1.95 0.011220184543019636 8 713 1.0526044829273304e-06
40 -2.0 0.01 1 100 0.0
41 -2.05 0.008912509381337459 5 561 1.6447684459026512e-05
42 -2.1 0.007943282347242814 9 1133 2.9012016549485116e-05
43 -2.15 0.00707945784384138 4 565 2.658026389665623e-05
44 -2.2 0.00630957344480193 2 317 -6.738645986498815e-05
45 -2.25 0.005623413251903491 6 1067 -3.0322377363005117e-05
46 -2.3 0.005011872336272725 2 399 0.00013148619993924013
47 -2.35 0.0044668359215096305 8 1791 -1.2891761768845874e-05
48 -2.4 0.003981071705534973 5 1256 -4.521038631388211e-05
49 -2.45 0.0035481338923357532 6 1691 1.7598319735641775e-05
50 -2.5 0.0031622776601683794 9 2846 1.753132520781563e-05
51 -2.55 0.002818382931264455 5 1774 3.773741142987572e-05
52 -2.6 0.0025118864315095794 9 3583 -9.898135228566355e-06
53 -2.65 0.00223872113856834 3 1340 3.7892875290492635e-05
54 -2.7 0.001995262314968879 5 2506 -2.547161358251982e-05
55 -2.75 0.0017782794100389228 3 1687 1.4211956755933703e-05
56 -2.8 0.001584893192461114 1 631 -6.759987291119502e-05
57 -2.85 0.001412537544622754 1 708 -7.6575728618534e-05
58 -2.9 0.0012589254117941675 3 2383 -6.41872730011078e-06
59 -2.95 0.001122018454301963 4 3565 1.0526044834684568e-06
60 -3.0 0.001 1 1000 0.0
61 -3.05 0.0008912509381337459 1 1122 1.644768445888053e-05
62 -3.1 0.0007943282347242813 1 1259 -5.924400780981913e-05
63 -3.15 0.000707945784384138 2 2825 2.658026389671749e-05
=======
0 0.0 1.0 1 1 0.0
1 -0.05 0.8912509381337456 41 46 5.992666044559074e-05
2 -0.1 0.7943282347242815 112 141 -2.509780519601893e-06
3 -0.15 0.7079457843841379 303 428 -2.6261198724662546e-06
4 -0.2 0.6309573444801932 53 84 -7.866661440334752e-06
5 -0.25 0.5623413251903491 221 393 -6.371027940804225e-07
6 -0.3 0.5011872336272722 211 421 8.276922414102786e-07
7 -0.35 0.44668359215096315 155 347 5.119533408134683e-06
8 -0.4 0.3981071705534972 84 211 -7.297408508264504e-06
9 -0.45 0.35481338923357547 11 31 7.136270674169187e-05
10 -0.5 0.31622776601683794 228 721 -9.618330228446356e-07
11 -0.55 0.28183829312644537 135 479 -4.017817689090896e-06
12 -0.6 0.251188643150958 53 211 -1.5164012542520375e-05
13 -0.65 0.22387211385683395 15 67 3.789287529065537e-05
14 -0.7 0.19952623149688797 84 421 -6.469722307154964e-06
15 -0.75 0.1778279410038923 77 433 6.513617941660308e-06
16 -0.8 0.15848931924611134 42 265 7.866723325137058e-06
17 -0.85 0.14125375446227545 151 1069 -1.7451636593803676e-06
18 -0.9 0.12589254117941673 141 1120 2.509786818594896e-06
19 -0.95 0.11220184543019636 80 713 1.052604482896409e-06
20 -1.0 0.1 1 10 0.0
21 -1.05 0.08912509381337455 109 1223 9.418572378424846e-08
22 -1.1 0.07943282347242814 56 705 -2.5097805194621245e-06
23 -1.15 0.0707945784384138 8 113 2.6580263896680736e-05
24 -1.2 0.06309573444801933 53 840 -7.86666144042273e-06
25 -1.25 0.05623413251903491 23 409 1.042618325730234e-05
26 -1.3 0.05011872336272722 21 419 1.2138767219052396e-05
27 -1.35 0.0446683592150963 31 694 5.119533408445371e-06
28 -1.4 0.039810717055349734 42 1055 -7.297408508578236e-06
29 -1.45 0.03548133892335755 49 1381 5.529557988478583e-06
30 -1.5 0.03162277660168379 53 1676 4.2720102869984945e-06
31 -1.55 0.028183829312644536 27 958 -4.017817689115517e-06
32 -1.6 0.025118864315095794 37 1473 -2.3550251594407174e-06
33 -1.65 0.0223872113856834 3 134 3.78928752903764e-05
34 -1.7 0.0199526231496888 42 2105 -6.469722307294071e-06
35 -1.75 0.01778279410038923 17 956 -2.065604226627673e-05
36 -1.8 0.015848931924611134 21 1325 7.866723325093276e-06
37 -1.85 0.01412537544622754 34 2407 6.508893256863251e-06
38 -1.9 0.012589254117941675 30 2383 -6.41872730011078e-06
39 -1.95 0.011220184543019636 8 713 1.0526044829273304e-06
40 -2.0 0.01 1 100 0.0
41 -2.05 0.008912509381337459 5 561 1.6447684459026512e-05
42 -2.1 0.007943282347242814 9 1133 2.9012016549485116e-05
43 -2.15 0.00707945784384138 4 565 2.658026389665623e-05
44 -2.2 0.00630957344480193 2 317 -6.738645986498815e-05
45 -2.25 0.005623413251903491 6 1067 -3.0322377363005117e-05
46 -2.3 0.005011872336272725 2 399 0.00013148619993924013
47 -2.35 0.0044668359215096305 8 1791 -1.2891761768845874e-05
48 -2.4 0.003981071705534973 5 1256 -4.521038631388211e-05
49 -2.45 0.0035481338923357532 6 1691 1.7598319735641775e-05
50 -2.5 0.0031622776601683794 9 2846 1.753132520781563e-05
51 -2.55 0.002818382931264455 5 1774 3.773741142987572e-05
52 -2.6 0.0025118864315095794 9 3583 -9.898135228566355e-06
53 -2.65 0.00223872113856834 3 1340 3.7892875290492635e-05
54 -2.7 0.001995262314968879 5 2506 -2.547161358251982e-05
55 -2.75 0.0017782794100389228 3 1687 1.4211956755933703e-05
56 -2.8 0.001584893192461114 1 631 -6.759987291119502e-05
57 -2.85 0.001412537544622754 1 708 -7.6575728618534e-05
58 -2.9 0.0012589254117941675 3 2383 -6.41872730011078e-06
59 -2.95 0.001122018454301963 4 3565 1.0526044834684568e-06
60 -3.0 0.001 1 1000 0.0
61 -3.05 0.0008912509381337459 1 1122 1.644768445888053e-05
62 -3.1 0.0007943282347242813 1 1259 -5.924400780981913e-05
63 -3.15 0.000707945784384138 2 2825 2.658026389671749e-05
>>>>>>> 4130d7427170af0db3eb2217d15cff18c85fecb5
